[?25l



[0m [38;2;0;0;0m       [38;2;43;54;75m▁[38;2;121;145;194m▂[38;2;125;147;189m▄[38;2;142;163;205m▅[38;2;150;169;207m▆[38;2;151;169;203m▇[38;2;162;180;213;48;2;2;3;5m▇[38;2;165;183;215;48;2;36;43;56m▇▇[38;2;162;180;213;48;2;2;3;5m▇[0m[38;2;150;169;203m▇[38;2;150;169;207m▆[38;2;142;163;205m▅[38;2;125;147;189m▄[38;2;121;145;194m▂[38;2;43;54;75m▁        [0m
 [38;2;0;0;0m    [38;2;44;60;93m▁[38;2;91;117;172m▄[38;2;118;145;201m▆[38;2;137;162;213;48;2;133;158;208m┈[38;2;30;66;112;48;2;142;165;209m▗[38;2;82;111;152;48;2;158;177;213m▖[38;2;181;194;216;48;2;166;183;215m▄[38;2;191;202;217;48;2;175;190;216m▄[38;2;198;207;218;48;2;182;196;217m▄[38;2;203;211;219;48;2;187;199;217m▄[38;2;203;210;219;48;2;188;199;217m▅▅[38;2;203;211;219;48;2;187;199;217m▄[38;2;198;207;218;48;2;182;196;217m▄[38;2;191;202;217;48;2;175;190;216m▄[38;2;181;194;216;48;2;166;183;215m▄[38;2;164;182;214;48;2;151;173;214m▆[38;2;156;176;215;48;2;143;166;214m▄[38;2;141;165;214;48;2;132;157;208m╴[0m[38;2;117;145;201m▆[38;2;91;117;172m▄[38;2;44;59;93m▁     [0m
 [38;2;0;0;0m  [38;2;6;21;41m▗[38;2;79;112;178m▄[38;2;109;140;207;48;2;36;72;125m▄[38;2;127;154;210;48;2;51;88;142m▄[38;2;146;169;213;48;2;62;94;143m▄[38;2;163;181;215;48;2;75;102;145m▄[38;2;179;193;216;48;2;90;115;151m▄[38;2;183;194;210;48;2;78;106;143m▅[38;2;49;82;121;48;2;178;189;203m╸[38;2;209;216;223;48;2;203;211;219m▄[38;2;213;220;226;48;2;207;215;222m▄[38;2;216;222;228;48;2;210;217;223m▄[38;2;218;223;229;48;2;211;218;224m▄[38;2;218;224;229m▄[38;2;216;222;228;48;2;210;217;223m▄[38;2;213;220;226;48;2;207;215;222m▄[38;2;209;216;223;48;2;203;211;219m▄[38;2;41;67;77;48;2;166;177;187m╼[38;2;170;181;193;48;2;49;73;85m▄[38;2;9;37;48;48;2;120;137;159m╸[38;2;77;96;120;48;2;127;145;175m╹[38;2;66;87;116;48;2;111;133;171m╹[38;2;53;74;105;48;2;91;114;158m╹[38;2;8;13;20;48;2;59;78;117m▝[38;2;0;0;0;48;2;2;3;5m┈[0m[38;2;25;38;64m▁   [0m
  [38;2;67;107;185m▗[38;2;25;61;111;48;2;62;99;168m▚[38;2;97;131;200;48;2;29;68;123m▆[38;2;17;52;97;48;2;99;130;187m╺[38;2;68;92;131;48;2;134;159;210m▄[38;2;22;36;55;48;2;155;175;214m▂[38;2;28;36;47;48;2;174;189;216m▂[38;2;95;101;108;48;2;191;202;217m▂[38;2;201;209;218;48;2;206;213;221m▘[38;2;215;221;227;48;2;210;217;224m▗[38;2;220;225;230;48;2;215;221;227m▄[38;2;225;229;234;48;2;219;225;230m▄[38;2;229;233;237;48;2;223;228;232m▄[38;2;223;227;232;48;2;133;173;186m▊[38;2;121;169;184;48;2;221;226;231m▖[38;2;229;233;237;48;2;223;228;232m▄[38;2;225;229;234;48;2;219;225;230m▄[38;2;220;225;230;48;2;215;221;227m▄[38;2;215;221;227;48;2;210;217;224m▖[38;2;201;209;218;48;2;206;213;221m▝[38;2;31;32;35;48;2;180;190;203m▗[38;2;38;41;47;48;2;167;183;212m▆[38;2;61;69;84;48;2;125;141;170m┛[38;2;134;157;202;48;2;7;9;12m▆[38;2;106;134;190;48;2;0;0;0m▆[38;2;11;53;107;48;2;77;104;161m▂[38;2;82;120;197;48;2;53;79;132m▇[0m[38;2;68;107;186m▖[0m [38;2;0;0;0m [0m
 [38;2;54;101;192;48;2;11;23;47m▗[38;2;64;105;184;48;2;26;68;129m▄[38;2;13;56;109;48;2;49;87;146m▉[38;2;71;106;170;48;2;110;142;209m▏[38;2;124;153;212;48;2;134;160;213m▌[38;2;144;167;214;48;2;153;174;214m▌[38;2;167;184;214;48;2;68;80;99m▆[38;2;171;182;198;48;2;25;28;32m▄[38;2;91;95;99;48;2;27;19;15m╺[38;2;79;52;44;48;2;178;184;189m▂[38;2;218;224;229;48;2;216;222;227m┊[38;2;222;227;232;48;2;226;230;234m▘[38;2;235;238;241;48;2;230;234;237m▗[38;2;240;242;244;48;2;235;238;241m▄[38;2;39;130;155;48;2;211;223;228m▝[38;2;38;130;156m▘[38;2;240;242;244;48;2;235;238;241m▄[38;2;235;238;241;48;2;230;234;237m▖[38;2;222;227;232;48;2;226;230;234m▝[38;2;220;225;230;48;2;216;222;228m▌[38;2;105;109;112;48;2;209;215;222m▗[38;2;74;77;79;48;2;10;9;9m▏[38;2;9;9;11;48;2;71;77;88m▉[38;2;84;92;105;48;2;160;177;208m▖[38;2;153;174;214;48;2;144;167;214m▌[38;2;134;160;213;48;2;124;153;212m▌[38;2;13;53;107;48;2;100;131;195m▝[38;2;22;62;119;48;2;77;115;189m▍[38;2;77;118;200;48;2;71;113;197m╴[38;2;54;101;192;48;2;11;23;47m▖[0m [0m
[7m[38;2;9;37;86m▋[0m[38;2;10;57;122;48;2;48;96;188m▂[38;2;16;58;113;48;2;73;113;195m▂[38;2;29;68;122;48;2;77;113;182m▃[38;2;15;36;65;48;2;107;138;203m▃[38;2;33;42;58;48;2;120;145;195m▂[38;2;0;0;0;48;2;146;167;207m▁[38;2;27;30;36;48;2;158;173;200m▄[38;2;127;73;23;48;2;108;115;126m▇[38;2;30;14;2;48;2;155;73;14m▄[38;2;0;0;0;48;2;111;40;7m▆[38;2;204;206;208;48;2;17;16;15m▝[38;2;16;5;1;48;2;207;210;213m▃[38;2;66;58;57;48;2;225;228;231m▂[38;2;243;245;246;48;2;241;243;245m┊[38;2;247;248;249;48;2;250;250;251m▍[38;2;250;250;251;48;2;247;248;249m▋[38;2;245;246;247;48;2;236;238;240m╴[38;2;38;22;16;48;2;217;220;222m▂[38;2;30;14;8;48;2;201;205;208m▄[38;2;4;4;4;48;2;168;172;176m▆[38;2;0;0;0;48;2;15;10;9m┈[38;2;34;16;3;48;2;190;173;167m▃[38;2;175;80;16;48;2;46;22;9m▖[38;2;124;136;158;48;2;6;6;8m▁[38;2;37;42;52;48;2;138;158;198m▖[38;2;68;89;133;48;2;132;158;213m▁[38;2;69;103;164;48;2;108;139;204m▝[38;2;9;51;105;48;2;70;107;175m▘[38;2;79;119;200;48;2;69;112;197m▌[38;2;56;103;194;48;2;48;96;190m╴[0m[38;2;20;59;132m▖[0m
[7m[38;2;11;56;133m▎[0m[38;2;36;85;174;48;2;7;56;121m▆[38;2;62;104;184;48;2;6;51;103m▅[38;2;33;74;133;48;2;94;129;203m▋[38;2;109;141;211;48;2;101;129;192m▇[38;2;128;155;212;48;2;118;142;193m▇[38;2;147;170;214;48;2;135;155;194m▇[38;2;166;184;215;48;2;153;168;196m▇[38;2;174;186;206;48;2;185;144;76m▖[38;2;191;129;32;48;2;48;32;6m▃[38;2;176;114;23;48;2;1;0;0m▂[38;2;191;124;26;48;2;13;8;1m▂[38;2;45;20;4;48;2;164;88;18m▘[38;2;60;28;7;48;2;207;210;213m▌[38;2;78;79;80;48;2;200;202;205m▂[38;2;240;242;244;48;2;238;241;243m┊┊[38;2;78;80;81;48;2;202;204;206m▂[38;2;165;103;48;48;2;223;224;225m▝[38;2;195;142;58;48;2;101;58;12m▄[38;2;189;124;26;48;2;9;6;1m▂[38;2;179;115;23;48;2;2;1;0m▂[38;2;0;0;0;48;2;151;102;26m▘[38;2;202;138;30;48;2;178;169;157m▘[38;2;171;187;216;48;2;162;180;215m▌[38;2;152;173;214;48;2;143;166;214m▌[38;2;125;153;210;48;2;67;99;150m▆[38;2;10;51;104;48;2;82;115;179m╺[38;2;14;56;111;48;2;67;102;168m▅[38;2;7;50;105;48;2;66;108;188m▃[38;2;9;55;122;48;2;47;96;193m▃[38;2;28;84;192;48;2;12;44;103m╴[0m
[38;2;0;3;9;48;2;14;69;168m▎[38;2;21;74;167;48;2;9;59;134m▂[38;2;50;95;179;48;2;15;59;117m▂[38;2;78;118;199;48;2;28;68;125m▂[38;2;102;137;210;48;2;98;132;204m┊[38;2;117;147;212;48;2;105;132;189m┈[38;2;51;61;80;48;2;117;139;184m╺[38;2;25;28;36;48;2;128;146;178m╸[38;2;119;129;147;48;2;156;170;196m╹[38;2;117;126;142;48;2;186;190;197m▁[38;2;182;174;152;48;2;93;81;62m┛[38;2;201;208;215;48;2;103;78;39m▄[38;2;212;218;224;48;2;99;95;90m▆[38;2;54;56;58;48;2;216;221;226m▁[38;2;176;180;184;48;2;0;0;0m▎[38;2;219;222;226;48;2;39;40;40m▝[38;2;220;224;228;48;2;41;42;43m▘[38;2;0;0;0;48;2;185;189;193m▊[38;2;88;90;93;48;2;221;226;231m▁[38;2;216;222;228;48;2;213;217;221m╴[38;2;209;215;222;48;2;191;146;72m▆[38;2;201;209;218;48;2;188;130;46m▆[38;2;188;199;215;48;2;184;161;124m▇[38;2;165;182;215;48;2;175;190;216m▗[38;2;163;182;215;48;2;152;173;214m▘[38;2;142;166;214;48;2;133;159;213m▌[38;2;123;152;212;48;2;114;145;212m▌[38;2;105;139;210;48;2;96;132;207m▌[38;2;87;123;199;48;2;32;72;132m▘[38;2;51;95;179;48;2;9;53;109m▄[38;2;30;83;183;48;2;10;58;131m▅[38;2;21;79;191;48;2;0;3;9m▊[0m
[7m[38;2;11;59;150m▎[0m[38;2;10;64;151;48;2;21;76;178m━[38;2;15;62;131;48;2;41;90;182m╼[38;2;9;54;108;48;2;42;84;154m┷[38;2;89;124;196;48;2;30;70;128m▝[38;2;107;140;210;48;2;102;135;205m┊[38;2;51;81;130;48;2;121;149;208m▂[38;2;54;73;102;48;2;125;149;196m╼[38;2;38;50;68;48;2;134;153;188m━[38;2;159;176;207;48;2;42;46;52m▅[38;2;181;194;215;48;2;119;125;132m▇[38;2;188;200;217;48;2;201;209;219m▃[38;2;199;207;218;48;2;207;214;221m▃[38;2;206;213;220;48;2;129;133;137m▇[38;2;164;169;175;48;2;9;9;9m▆[38;2;0;0;0;48;2;2;2;2m┈[48;2;1;1;1m┈[38;2;167;173;179;48;2;33;34;35m▅[38;2;205;212;219;48;2;107;110;114m▇[38;2;199;207;218;48;2;207;214;221m▃[38;2;188;200;217;48;2;201;209;219m▃[38;2;178;192;216;48;2;190;201;217m▄[38;2;164;182;215;48;2;175;190;216m▄[48;2;151;172;214m▘[38;2;147;170;214;48;2;135;161;213m▘[38;2;113;144;211;48;2;124;153;212m▗[38;2;96;132;207;48;2;107;140;210m▗[38;2;43;81;145;48;2;85;122;196m▂[38;2;64;105;185;48;2;12;55;111m▖[38;2;38;87;179;48;2;9;55;121m▝[38;2;12;63;150;48;2;28;84;192m▃[0m[38;2;12;60;151m▊[0m
[38;2;10;51;133m▝[38;2;13;71;178;48;2;15;73;183m┈[38;2;10;63;147;48;2;24;78;180m━[38;2;7;55;120;48;2;40;87;174m━[38;2;35;78;148;48;2;13;57;112m▎[38;2;72;110;187;48;2;20;62;115m▂[38;2;93;127;196;48;2;77;108;166m▇[38;2;111;143;211;48;2;123;152;212m▄[38;2;125;153;212;48;2;137;162;213m▄[38;2;138;163;213;48;2;151;173;214m▄[38;2;144;167;211;48;2;160;179;215m▂[38;2;45;78;123;48;2;168;184;214m▁[38;2;69;98;138;48;2;185;197;216m▄[38;2;47;81;125;48;2;164;179;199m▗[38;2;70;100;139;48;2;188;197;208m▄[38;2;141;153;173;48;2;39;50;65m▂[38;2;25;31;39;48;2;96;114;138m▋[38;2;6;49;102;48;2;151;166;187m─[38;2;43;78;125;48;2;186;196;210m▄[38;2;61;93;136;48;2;183;195;215m▄[38;2;63;91;134;48;2;169;185;214m▁[38;2;150;172;214;48;2;164;182;215m▄[38;2;138;163;213;48;2;151;173;214m▄[38;2;125;153;212;48;2;137;162;213m▄[38;2;111;143;211;48;2;123;152;212m▄[38;2;104;138;210;48;2;101;135;207m╴[38;2;94;130;205;48;2;39;78;139m▘[38;2;6;49;103;48;2;57;98;178m▋[38;2;53;100;193;48;2;46;95;189m╴[38;2;24;79;184;48;2;8;56;128m▆[38;2;17;77;195;48;2;15;71;177m┈[0m[38;2;9;50;133m▘[0m
 [7m[38;2;8;43;114m▖[0m[38;2;15;76;197;48;2;17;77;193m╴[38;2;12;68;164;48;2;29;84;191m▃[38;2;14;63;142;48;2;52;99;192m▅[38;2;9;55;114;48;2;70;111;191m▆[38;2;8;53;105;48;2;63;97;161m▇[38;2;15;58;112;48;2;82;117;183m▅[38;2;9;54;105;48;2;107;137;202m▅[38;2;12;55;106;48;2;82;114;173m━[38;2;119;148;210;48;2;40;76;126m▄[38;2;74;106;157;48;2;28;67;116m▎[38;2;142;166;214;48;2;114;135;172m▇[38;2;138;160;203;48;2;22;62;111m▌[38;2;27;67;116;48;2;142;160;190m▆[38;2;21;62;112;48;2;131;152;185m▅[38;2;129;149;183;48;2;23;64;113m▝[38;2;44;81;129;48;2;163;180;210m▆[38;2;62;95;142;48;2;142;163;203m▖[38;2;131;156;206;48;2;31;69;119m▄[38;2;106;135;189;48;2;17;58;110m▄[38;2;115;145;206;48;2;38;73;123m▄[38;2;23;62;115;48;2;86;118;177m━[38;2;17;58;113;48;2;112;143;209m▅[38;2;35;73;133;48;2;97;132;203m▅[38;2;78;116;194;48;2;25;66;125m▝[38;2;67;110;196;48;2;60;104;190m╴[38;2;31;83;180;48;2;7;52;114m▄[38;2;21;79;190;48;2;13;61;140m▄[38;2;15;75;192;48;2;10;62;151m▄[0m[7m[38;2;6;37;95m▗[0m [0m
  [38;2;13;70;184m▝[38;2;9;49;131;48;2;15;74;189m▁[38;2;18;76;188;48;2;12;65;152m▆[38;2;30;84;190;48;2;14;61;132m▇[38;2;19;69;150;48;2;56;101;190m▄[38;2;44;85;154;48;2;10;56;115m▘[38;2;60;102;182;48;2;12;57;111m▃[38;2;75;111;182;48;2;32;72;129m┙[38;2;30;69;125;48;2;85;120;190m╸[38;2;99;131;199;48;2;46;83;139m╼[38;2;114;145;211;48;2;109;141;208m┊[38;2;110;140;203;48;2;15;58;110m▍[38;2;20;58;108;48;2;102;132;191m▎[38;2;64;99;152;48;2;12;56;107m▏[38;2;9;54;105;48;2;52;88;140m▉[38;2;29;68;119;48;2;112;141;202m╸[38;2;36;73;127;48;2;102;132;192m┥[38;2;26;66;122;48;2;111;141;203m▃[38;2;31;70;127;48;2;113;143;207m▆[38;2;27;64;119;48;2;96;130;202m▗[38;2;45;84;149;48;2;81;117;189m▗[38;2;56;93;160;48;2;7;50;105m▘[38;2;20;60;118;48;2;59;102;187m▎[38;2;39;89;184;48;2;15;60;129m▖[38;2;15;67;162;48;2;8;56;129m▁[38;2;9;60;144;48;2;13;66;163m▊[38;2;9;47;124;48;2;15;74;190m▁[0m[38;2;14;71;187m▘[0m [38;2;0;0;0m [0m
 [38;2;0;0;0m  [38;2;5;26;72m▝[7m[38;2;13;65;170m▃[0m[38;2;15;76;198;48;2;14;71;180m╴[38;2;15;72;177;48;2;10;63;148m▆[38;2;27;83;192;48;2;32;81;168m▇[38;2;37;88;188;48;2;17;64;138m▊[38;2;12;59;125;48;2;52;97;184m▋[38;2;44;87;163;48;2;11;56;114m▎[38;2;23;65;123;48;2;63;105;186m▘[38;2;31;73;135;48;2;73;112;189m▗[38;2;43;84;151;48;2;13;57;110m▗[38;2;74;115;196;48;2;32;72;131m▖[38;2;5;51;103;48;2;9;54;107m┈[48;2;5;51;103m [48;2;61;99;169m╸[38;2;79;119;199;48;2;65;100;165m▇[38;2;59;96;167;48;2;13;55;112m▏[38;2;51;91;164;48;2;70;112;196m▏[38;2;15;60;126;48;2;66;106;186m▃[38;2;28;74;150;48;2;14;60;126m╲[38;2;35;86;186;48;2;28;70;139m▇[38;2;19;73;172;48;2;10;58;135m▖[38;2;10;62;152;48;2;19;75;180m▖[38;2;16;77;197;48;2;16;74;189m┊[0m[7m[38;2;12;63;165m▃[0m[38;2;4;24;65m▘   [0m
 [38;2;0;0;0m    [7m[38;2;6;33;89m▇[38;2;12;61;160m▄[38;2;15;72;187m▂[0m[38;2;15;76;198;48;2;16;75;190m╴[38;2;13;71;179;48;2;10;64;153m▄[38;2;10;62;144;48;2;18;73;176m▘[38;2;29;84;190;48;2;13;63;146m▋[38;2;17;72;170;48;2;8;57;127m▃[38;2;23;72;157;48;2;40;91;189m▚[38;2;27;79;175;48;2;48;97;193m▗[38;2;35;83;168;48;2;7;56;123m▍[38;2;9;60;138;48;2;6;52;110m▄[38;2;32;86;190;48;2;55;101;192m▄[38;2;24;78;179;48;2;49;98;193m▃[38;2;38;91;192;48;2;34;87;188m┊[38;2;38;88;184;48;2;13;62;145m▘[38;2;10;61;149;48;2;8;56;131m▄[38;2;11;62;149;48;2;17;73;177m▎[38;2;10;63;157;48;2;14;68;168m╴[0m[7m[38;2;11;64;164m▂[38;2;9;53;137m▄[38;2;6;32;87m▇[0m[38;2;0;1;4m     [0m
 [38;2;0;0;0m       [7m[38;2;4;25;71m▇[38;2;9;51;137m▅[38;2;13;67;175m▄[38;2;13;70;181m▃[38;2;15;73;187m▂[38;2;13;68;173m▁[0m[38;2;0;1;5;48;2;15;74;186m▁[38;2;0;11;53;48;2;13;71;176m▁[48;2;14;72;182m▁[38;2;0;1;5;48;2;17;76;192m▁[0m[7m[38;2;12;68;171m▁[38;2;15;73;187m▂[38;2;13;70;180m▃[38;2;10;58;147m▄[38;2;7;45;117m▅[38;2;3;22;60m▇[0m[38;2;0;0;0m        [0m
[?25h